1
1
1
1
1
1
1
1
1
1
1
1
2
2
1
1
1
1
1
1
1
2
1
2
2
3
1
1
2
2
1
2
1
1
4
2
2
2
2
1
2
3
2
3
4
4
5
3
3
2
7
4
5
6
3
2
4
3
12
5
3
3
6
7
2
2
7
10
4
4
8
5
6
5
8
9
9
3
6
9
6
10
7
12
13
16
12
9
11
16
11
17
17
17
20
6
8
15
14
19
17
22
15
16
23
14
27
18
22
26
15
20
27
25
32
32
31
30
36
32
37
38
28
37
34
35
52
58
39
27
33
51
47
58
45
50
42
52
63
58
61
67
61
79
62
69
70
66
68
80
59
85
89
82
76
92
72
84
88
93
96
122
94
115
114
126
129
116
119
115
129
130
141
106
125
141
123
148
139
165
150
165
161
151
156
167
189
174
166
179
176
197
204
204
225
207
187
217
244
198
232
240
239
245
251
242
266
269
244
272
292
265
314
300
295
277
336
345
336
296
334
330
323
336
336
381
352
397
399
400
391
440
389
401
430
410
416
401
428
451
430
411
482
461
464
475
460
478
477
505
489
504
510
499
531
543
524
511
544
549
553
548
537
575
571
588
584
562
571
534
551
573
550
578
584
652
572
610
609
635
595
640
574
599
585
657
613
587
613
591
605
675
626
659
652
640
647
558
607
581
592
602
621
587
621
561
543
530
538
539
548
560
507
515
529
440
485
449
411
511
444
401
433
444
418
400
336
432
372
331
328
239
250
280
270
198
216
145
153
129
93
132
68
31
8
17
16
-72
-99
-42
-119
-97
-165
-212
-245
-258
-290
-227
-294
-256
-363
-434
-414
-535
-475
-541
-565
-458
-623
-597
-607
-603
-673
-706
-759
-810
-825
-841
-909
-921
-911
-1007
-1037
-1038
-1104
-1045
-1086
-1092
-1180
-1228
-1247
-1246
-1203
-1292
-1217
-1400
-1375
-1383
-1417
-1471
-1445
-1481
-1465
-1515
-1536
-1507
-1606
-1589
-1573
-1639
-1699
-1679
-1717
-1789
-1746
-1738
-1760
-1829
-1747
-1806
-1783
-1818
-1786
-1842
-1786
-1714
-1917
-1856
-1896
-1811
-1861
-1886
-1971
-1838
-1841
-1860
-1901
-1947
-1890
-1829
-1944
-1807
-1838
-1875
-1881
-1871
-1965
-1825
-1822
-1778
-1875
-1819
-1759
-1816
-1682
-1844
-1690
-1736
-1745
-1643
-1753
-1555
-1736
-1674
-1524
-1624
-1462
-1550
-1456
-1467
-1442
-1532
-1537
-1401
-1285
-1322
-1341
-1276
-1250
-1275
-1149
-1232
-1104
-1114
-1061
-1030
-972
-983
-926
-924
-859
-856
-855
-893
-747
-753
-735
-742
-659
-615
-579
-584
-546
-502
-509
-424
-331
-399
-332
-319
-314
-354
-205
-263
-127
-116
-179
-159
-14
-70
-18
64
19
148
122
143
161
245
220
242
312
255
334
416
355
356
430
484
442
442
468
479
522
576
578
647
548
561
636
644
688
631
717
702
735
762
854
770
817
829
722
751
798
827
847
890
862
879
948
797
837
905
973
876
960
855
903
995
865
914
930
948
994
929
956
920
935
908
933
988
964
991
978
932
956
901
964
966
960
959
942
868
918
909
949
940
968
910
859
891
900
808
890
890
879
861
844
812
829
826
816
831
818
813
798
815
791
782
742
775
703
718
712
735
672
741
720
680
685
678
645
687
652
667
614
647
610
596
596
607
588
575
592
564
581
546
555
531
559
505
545
533
485
474
462
468
482
453
465
452
414
396
450
426
366
407
388
410
353
382
354
393
371
358
349
339
349
323
298
324
298
278
286
284
294
281
242
252
250
236
271
231
258
211
228
221
225
204
223
196
193
211
198
200
171
181
173
177
161
161
182
134
156
138
145
145
157
133
142
136
127
105
113
123
103
138
121
128
100
86
96
99
87
115
81
82
98
82
75
85
74
79
71
76
76
78
71
82
55
53
62
59
68
56
51
41
61
47
46
44
54
62
43
33
45
42
47
26
45
30
30
36
32
42
34
28
35
35
17
17
19
17
27
32
26
22
27
18
23
16
19
23
22
15
13
11
10
21
17
16
12
14
12
18
14
8
9
9
8
12
7
18
10
15
9
4
12
7
9
7
8
5
7
7
2
9
5
7
2
7
7
4
9
5
5
4
7
4
7
6
4
1
4
5
4
1
2
5
3
5
4
1
2
3
3
1
2
1
2
2
1
3
1
1
1
2
1
2
1
2
3
2
2
1
1
1
1
2
1
2
1
1
1
1
1
1
1
